%YAML:1.0
---
camera_matrix: !!opencv-matrix
   rows: 3
   cols: 3
   dt: d
   data: [ 4175.5461613081397, 0., 2027.7865555541252, 0.,
       5881.9003550804409, 1184.5079819883167, 0., 0., 1. ]
dist_coeffs: !!opencv-matrix
   rows: 1
   cols: 5
   dt: d
   data: [ 0.22024997059052304, -0.60934945495121595,
       -0.016200240880063808, -0.0019404079954907678,
       0.27222753504602304 ]
