%YAML:1.0
---
camera_matrix: !!opencv-matrix
   rows: 3
   cols: 3
   dt: d
   data: [ 3512.7893902064502, 0., 1993.2799986977852, 0.,
       3891.3705475372863, 1471.1060178424118, 0., 0., 1. ]
dist_coeffs: !!opencv-matrix
   rows: 1
   cols: 5
   dt: d
   data: [ 0.14395358709746062, -0.41761560252334917,
       -0.011588586572198498, -0.00062936740818645396,
       0.37122069703878025 ]
