%YAML:1.0
---
camera_matrix: !!opencv-matrix
   rows: 3
   cols: 3
   dt: d
   data: [ 4755.9399512189166, 0., 2126.4400797306917, 0.,
       8930.3097330944347, 1515.9520896669837, 0., 0., 1. ]
dist_coeffs: !!opencv-matrix
   rows: 1
   cols: 5
   dt: d
   data: [ 0.35581365514694996, -7.4405056597142716,
       0.0024150077226355749, -0.009239976841976881, 41.374068687538291 ]
