%YAML:1.0
---
camera_matrix: !!opencv-matrix
   rows: 3
   cols: 3
   dt: d
   data: [ 3740.4806862878577, 0., 2008.0760170022277, 0.,
       4040.7669036664056, 1433.3977898686878, 0., 0., 1. ]
dist_coeffs: !!opencv-matrix
   rows: 1
   cols: 5
   dt: d
   data: [ 0.27966426397696242, -1.3755878756239717,
       0.0034393122613573402, -0.0037463468786516621,
       -1.9687334156777765 ]
